PRODUCTID=1233
TOOL=350.215,-0.767,232.539,-89.841,89.729,89.842
HOME=0.276,2.775,3.491,7.07,5.194,2.151
FRAME=1667.33,193.49,-170.67,0.01,-0.3,-52.34
OFFSET=0,0,0,0,0,0
TOTALTRAJS=1

1233_1=BEGIN
BYPASS=FALSE
WORKPLACE=0,0
MOVEJ=11.447,25.388,104.919,-152.176,44.133,158.916/40,40
MOVEJ=11.44,32.024,107.96,-155.942,52.841,164.571/40,40
MOVEL=0.246,0,13.488,180,0.014,135.181/30,10
MOVEL=-1.167,0.247,13.489,-179.989,-0.062,135.181/30,4.089
MOVEL=-0.819,-1.148,13.489,179.937,-0.045,135.181/30,6.071
MOVEL=0.321,-1.718,13.489,179.904,0.019,135.181/30,5.506
MOVEL=1.55,-1.384,13.49,179.922,0.088,135.181/30,5.759
MOVEL=2.214,-0.16,13.49,179.978,0.126,135.181/30,6.598
MOVEL=2.032,1.027,13.49,-179.941,0.117,135.181/30,5.773
MOVEL=1.067,2.225,13.491,-179.872,0.06,135.181/30,7.218
MOVEL=-0.064,2.678,13.492,-179.845,-0.004,135.181/30,5.508
MOVEL=-1.287,2.604,13.492,-179.85,-0.074,135.181/30,5.378
MOVEL=-2.394,1.944,13.493,-179.889,-0.137,135.181/30,5.561
MOVEL=-3.099,0.755,13.493,-179.957,-0.179,135.181/30,5.92
MOVEL=-3.151,-0.7,13.493,179.96,-0.181,135.181/30,6.217
MOVEL=-2.585,-2.049,13.493,179.881,-0.149,135.181/30,6.27
MOVEL=-1.544,-3.101,13.494,179.822,-0.09,135.181/30,6.43
MOVEL=-0.332,-3.617,13.495,179.792,-0.019,135.181/30,5.883
MOVEL=0.961,-3.669,13.495,179.787,0.056,135.181/30,6.053
MOVEL=2.185,-3.29,13.496,179.81,0.126,135.181/30,6.392
MOVEL=3.22,-2.515,13.496,179.855,0.185,135.181/30,6.939
MOVEL=3.788,-1.713,13.497,179.899,0.216,135.181/30,5.621
MOVEL=4.124,-0.729,13.497,179.959,0.238,135.181/30,6.196
MOVEL=4.16,0.56,13.497,-179.968,0.24,135.181/30,7.798
MOVEL=3.906,1.652,13.497,-179.906,0.225,135.181/30,6.712
MOVEL=3.441,2.575,13.497,-179.851,0.198,135.18/30,6.03
MOVEL=2.414,3.678,13.498,-179.787,0.139,135.18/30,8.356
MOVEL=1.558,4.208,13.498,-179.756,0.09,135.181/30,5.278
MOVEL=0.622,4.55,13.499,-179.737,0.036,135.181/30,5.015
MOVEL=-0.373,4.685,13.499,-179.729,-0.022,135.181/30,4.882
MOVEL=-1.387,4.609,13.5,-179.734,-0.08,135.181/30,4.807
MOVEL=-2.35,4.32,13.5,-179.748,-0.129,135.181/30,4.658
MOVEL=-3.282,3.774,13.501,-179.782,-0.19,135.181/30,4.939
MOVEL=-4.092,2.997,13.501,-179.827,-0.237,135.181/30,5.097
MOVEL=-4.721,2.019,13.501,-179.887,-0.276,135.181/30,5.263
MOVEL=-5.075,0.954,13.501,-179.945,-0.295,135.181/30,5.08
MOVEL=-5.181,-0.179,13.502,179.99,-0.3,135.181/30,5.152
MOVEL=-5.044,-1.297,13.502,179.93,-0.293,135.181/30,5.095
MOVEL=-4.658,-2.392,13.502,179.862,-0.269,135.18/30,5.25
MOVEL=-4.044,-3.403,13.502,179.803,-0.234,135.18/30,5.361
MOVEL=-3.222,-4.285,13.502,179.752,-0.187,135.18/30,5.507
MOVEL=-2.294,-4.95,13.503,179.713,-0.133,135.18/30,5.293
MOVEL=-1.285,-5.402,13.503,179.687,-0.074,135.181/30,5.268
MOVEL=-0.239,-5.639,13.504,179.673,-0.006,135.181/30,5.317
MOVEL=0.801,-5.668,13.504,179.672,0.046,135.181/30,5.425
MOVEL=1.836,-5.508,13.505,179.681,0.106,135.181/30,5.812
MOVEL=2.82,-5.17,13.505,179.701,0.163,135.181/30,6.224
MOVEL=3.727,-4.658,13.506,179.73,0.216,135.181/30,6.786
MOVEL=4.536,-3.988,13.506,179.769,0.262,135.181/30,7.516
MOVEL=5.204,-3.187,13.507,179.808,0.295,135.181/30,8.199
MOVEL=5.721,-2.235,13.507,179.871,0.331,135.181/30,9.259
MOVEL=6.05,-1.161,13.507,179.933,0.35,135.181/30,10.268
MOVEL=6.162,0,13.507,180,0.358,135.181/30,11.037
MOVEL=5.992,1.534,13.507,-179.911,0.347,135.18/30,14.511
MOVEL=5.499,2.937,13.507,-179.83,0.319,135.18/30,13.318
MOVEL=4.731,4.149,13.508,-179.753,0.268,135.18/30,11.796
MOVEL=3.748,5.131,13.508,-179.702,0.218,135.18/30,10.329
MOVEL=2.574,5.901,13.509,-179.658,0.149,135.18/30,9.474
MOVEL=1.283,6.417,13.51,-179.63,0.082,135.18/30,8.584
MOVEL=-0.093,6.654,13.51,-179.614,-0.005,135.181/30,7.987
MOVEL=-1.505,6.596,13.511,-179.619,-0.087,135.181/30,7.629
MOVEL=-2.89,6.226,13.512,-179.639,-0.168,135.181/30,7.417
MOVEL=-4.245,5.501,13.512,-179.681,-0.246,135.181/30,7.703
MOVEL=-5.421,4.47,13.513,-179.741,-0.315,135.181/30,7.695
MOVEL=-6.338,3.162,13.513,-179.816,-0.368,135.181/30,7.816
MOVEL=-6.909,1.693,13.514,-179.902,-0.402,135.181/30,7.718
MOVEL=-7.133,0.122,13.514,-179.993,-0.415,135.181/30,7.775
MOVEL=-7.004,-1.476,13.514,179.914,-0.407,135.18/30,7.857
MOVEL=-6.538,-3.005,13.514,179.826,-0.379,135.18/30,7.843
MOVEL=-5.803,-4.357,13.514,179.747,-0.336,135.18/30,7.559
MOVEL=-4.849,-5.492,13.515,179.676,-0.274,135.18/30,7.326
MOVEL=-3.741,-6.374,13.515,179.63,-0.217,135.18/30,7.124
MOVEL=-2.48,-7.041,13.516,179.591,-0.144,135.18/30,7.423
MOVEL=-1.131,-7.468,13.517,179.567,-0.066,135.18/30,7.766
MOVEL=0.267,-7.636,13.517,179.556,0.016,135.181/30,8.342
MOVEL=1.685,-7.553,13.518,179.562,0.098,135.181/30,9.325
MOVEL=3.052,-7.219,13.519,179.581,0.177,135.181/30,10.577
MOVEL=4.371,-6.607,13.52,179.618,0.253,135.182/30,12.978
MOVEL=5.576,-5.721,13.52,179.668,0.324,135.182/30,16.549
MOVEL=6.611,-4.58,13.521,179.742,0.389,135.182/30,22.071
MOVEL=7.433,-3.175,13.521,179.815,0.432,135.181/30,31.208
MOVEL=7.953,-1.615,13.521,179.906,0.463,135.181/30,42.286
MOVEL=8.134,0,13.521,180,0.473,135.181/30,50.869
MOVEL=8.081,0.98,13.521,-179.943,0.47,135.18/30,32.098
MOVEL=7.92,1.951,13.522,-179.887,0.46,135.18/30,30.149
MOVEL=7.652,2.894,13.522,-179.832,0.444,135.18/30,26.427
MOVEL=7.301,3.742,13.522,-179.783,0.423,135.18/30,21.399
MOVEL=6.859,4.549,13.522,-179.736,0.398,135.18/30,18.395
MOVEL=6.334,5.301,13.522,-179.688,0.364,135.18/30,15.695
MOVEL=5.093,6.575,13.523,-179.618,0.296,135.18/30,24.47
MOVEL=3.606,7.584,13.524,-179.559,0.21,135.18/30,19.277
MOVEL=1.966,8.273,13.525,-179.521,0.119,135.18/30,15.601
MOVEL=1.096,8.487,13.525,-179.507,0.064,135.18/30,6.972
MOVEL=0.206,8.611,13.525,-179.5,0.012,135.181/30,6.525
MOVEL=-0.69,8.642,13.526,-179.499,-0.04,135.181/30,6.124
MOVEL=-1.609,8.573,13.526,-179.503,-0.093,135.181/30,5.987
MOVEL=-2.519,8.404,13.527,-179.513,-0.146,135.181/30,5.751
MOVEL=-3.402,8.138,13.527,-179.528,-0.198,135.182/30,5.514
MOVEL=-4.311,7.745,13.528,-179.551,-0.25,135.182/30,5.734
MOVEL=-5.173,7.25,13.528,-179.579,-0.3,135.182/30,5.595
MOVEL=-5.972,6.664,13.528,-179.613,-0.347,135.182/30,5.462
MOVEL=-6.71,5.978,13.529,-179.653,-0.39,135.182/30,5.477
MOVEL=-7.364,5.207,13.529,-179.697,-0.428,135.182/30,5.447
MOVEL=-7.921,4.367,13.529,-179.746,-0.461,135.182/30,5.412
MOVEL=-8.37,3.477,13.53,-179.798,-0.487,135.182/30,5.337
MOVEL=-8.717,2.539,13.53,-179.852,-0.508,135.181/30,5.35
MOVEL=-8.957,1.571,13.53,-179.909,-0.521,135.181/30,5.344
MOVEL=-9.087,0.565,13.53,-179.967,-0.529,135.181/30,5.451
MOVEL=-9.104,-0.452,13.53,179.974,-0.53,135.181/30,5.477
MOVEL=-9.008,-1.462,13.53,179.915,-0.524,135.18/30,5.47
MOVEL=-8.806,-2.445,13.53,179.858,-0.512,135.18/30,5.412
MOVEL=-8.505,-3.404,13.53,179.802,-0.494,135.18/30,5.424
MOVEL=-8.107,-4.325,13.531,179.749,-0.471,135.18/30,5.418
MOVEL=-7.649,-5.143,13.531,179.702,-0.444,135.18/30,5.072
MOVEL=-7.111,-5.913,13.531,179.657,-0.412,135.179/30,5.113
MOVEL=-6.501,-6.623,13.531,179.614,-0.375,135.179/30,5.144
MOVEL=-5.137,-7.8,13.532,179.547,-0.298,135.18/30,10.11
MOVEL=-3.565,-8.712,13.533,179.494,-0.207,135.18/30,10.715
MOVEL=-1.867,-9.32,13.534,179.461,-0.117,135.18/30,11.607
MOVEL=-0.987,-9.5,13.534,179.448,-0.057,135.18/30,6.318
MOVEL=-0.09,-9.601,13.535,179.443,-0.005,135.181/30,6.866
MOVEL=0.81,-9.618,13.535,179.442,0.047,135.181/30,7.512
MOVEL=1.719,-9.549,13.535,179.446,0.1,135.181/30,8.485
MOVEL=2.62,-9.393,13.536,179.455,0.152,135.181/30,9.736
MOVEL=3.499,-9.152,13.536,179.469,0.203,135.182/30,11.443
MOVEL=4.383,-8.811,13.537,179.489,0.254,135.182/30,14.576
MOVEL=5.229,-8.382,13.537,179.514,0.303,135.182/30,18.99
MOVEL=6.027,-7.872,13.538,179.544,0.35,135.182/30,27.075
MOVEL=6.822,-7.241,13.538,179.58,0.396,135.182/30,50.502
MOVEL=7.55,-6.529,13.538,179.621,0.439,135.182/30,100
MOVEL=8.198,-5.749,13.539,179.669,0.478,135.182/30,100
MOVEL=9.18,-4.095,13.539,179.762,0.534,135.182/30,100
MOVEL=9.82,-2.282,13.54,179.867,0.571,135.181/30,100
MOVEL=10.098,-0.379,13.54,179.978,0.587,135.181/30,100
MOVEL=10.042,1.188,13.54,-179.931,0.583,135.18/30,100
MOVEL=9.849,2.365,13.54,-179.863,0.571,135.18/30,100
MOVEL=9.526,3.51,13.54,-179.797,0.553,135.18/30,100
MOVEL=9.103,4.544,13.54,-179.736,0.528,135.18/30,100
MOVEL=8.57,5.53,13.54,-179.679,0.497,135.179/30,100
MOVEL=7.936,6.451,13.541,-179.625,0.46,135.179/30,100
MOVEL=6.623,7.855,13.541,-179.543,0.385,135.179/30,100
MOVEL=5.082,9.005,13.542,-179.476,0.296,135.179/30,86.15
MOVEL=3.366,9.872,13.543,-179.426,0.196,135.18/30,40.985
MOVEL=1.584,10.403,13.544,-179.396,0.092,135.18/30,26.41
MOVEL=0.497,10.567,13.544,-179.387,0.029,135.181/30,12.503
MOVEL=-0.598,10.617,13.545,-179.384,-0.035,135.181/30,10.931
MOVEL=-1.728,10.546,13.546,-179.388,-0.1,135.181/30,10.122
MOVEL=-2.847,10.351,13.546,-179.4,-0.165,135.182/30,9.272
MOVEL=-3.932,10.038,13.547,-179.421,-0.238,135.182/30,8.547
MOVEL=-5.681,9.234,13.548,-179.463,-0.33,135.182/30,13.382
MOVEL=-7.258,8.133,13.548,-179.527,-0.422,135.182/30,12.357
MOVEL=-8.006,7.45,13.549,-179.567,-0.466,135.182/30,6.25
MOVEL=-9.237,5.971,13.549,-179.65,-0.535,135.182/30,11.603
MOVEL=-10.069,4.502,13.55,-179.738,-0.586,135.182/30,10.014
MOVEL=-10.517,3.383,13.55,-179.803,-0.612,135.182/30,7.118
MOVEL=-10.837,2.225,13.55,-179.871,-0.63,135.181/30,7.102
MOVEL=-11.028,1.018,13.55,-179.941,-0.641,135.181/30,7.244
MOVEL=-11.083,-0.208,13.55,179.988,-0.645,135.181/30,7.28
MOVEL=-11.004,-1.428,13.55,179.917,-0.639,135.18/30,7.272
MOVEL=-10.794,-2.622,13.55,179.848,-0.627,135.18/30,7.244
MOVEL=-10.462,-3.792,13.551,179.78,-0.607,135.18/30,7.3
MOVEL=-10.012,-4.917,13.551,179.715,-0.581,135.179/30,7.327
MOVEL=-9.483,-5.924,13.551,179.656,-0.55,135.179/30,6.942
MOVEL=-8.854,-6.876,13.551,179.601,-0.514,135.179/30,7.05
MOVEL=-8.137,-7.756,13.552,179.543,-0.466,135.179/30,7.117
MOVEL=-6.727,-9.067,13.552,179.473,-0.391,135.179/30,12.464
MOVEL=-5.123,-10.128,13.553,179.411,-0.298,135.179/30,13.312
MOVEL=-3.371,-10.92,13.554,179.365,-0.196,135.18/30,14.832
MOVEL=-1.513,-11.414,13.555,179.337,-0.088,135.18/30,17.546
MOVEL=-0.41,-11.558,13.556,179.329,-0.024,135.181/30,12.265
MOVEL=0.689,-11.596,13.556,179.327,0.04,135.181/30,14.6
MOVEL=1.806,-11.527,13.557,179.331,0.105,135.181/30,18.983
MOVEL=2.914,-11.348,13.557,179.342,0.169,135.182/30,27.127
MOVEL=3.996,-11.063,13.558,179.358,0.232,135.182/30,48.106
MOVEL=5.093,-10.649,13.558,179.382,0.296,135.182/30,100
MOVEL=6.144,-10.123,13.559,179.412,0.357,135.183/30,100
MOVEL=7.135,-9.496,13.559,179.449,0.415,135.183/30,100
MOVEL=8.109,-8.729,13.56,179.493,0.471,135.183/30,100
MOVEL=9,-7.863,13.56,179.543,0.523,135.183/30,100
MOVEL=9.792,-6.91,13.561,179.598,0.569,135.183/30,100
MOVEL=10.47,-5.888,13.561,179.658,0.608,135.183/30,100
MOVEL=11.038,-4.797,13.561,179.721,0.641,135.182/30,100
MOVEL=11.487,-3.655,13.562,179.788,0.668,135.182/30,100
MOVEL=11.813,-2.461,13.562,179.857,0.686,135.182/30,100
MOVEL=12.012,-1.236,13.562,179.928,0.698,135.181/30,100
MOVEL=12.078,0,13.562,180,0.702,135.181/30,100
MOVEL=12.003,1.397,13.562,-179.919,0.697,135.18/30,100
MOVEL=11.776,2.781,13.562,-179.838,0.684,135.18/30,100
MOVEL=11.399,4.128,13.562,-179.761,0.662,135.179/30,100
MOVEL=10.903,5.35,13.562,-179.69,0.632,135.179/30,100
MOVEL=10.277,6.516,13.563,-179.622,0.597,135.179/30,100
MOVEL=9.535,7.604,13.563,-179.552,0.548,135.179/30,100
MOVEL=8.248,9.035,13.564,-179.475,0.479,135.179/30,100
MOVEL=6.761,10.254,13.565,-179.404,0.393,135.179/30,100
MOVEL=5.649,10.959,13.565,-179.363,0.328,135.179/30,100
MOVEL=3.909,11.778,13.566,-179.316,0.227,135.179/30,100
MOVEL=2.064,12.319,13.567,-179.285,0.12,135.18/30,100
MOVEL=0.755,12.524,13.568,-179.273,0.044,135.18/30,43.872
MOVEL=-0.543,12.59,13.568,-179.269,-0.032,135.181/30,28.077
MOVEL=-1.89,12.511,13.569,-179.274,-0.11,135.181/30,21.825
MOVEL=-3.224,12.284,13.57,-179.287,-0.187,135.182/30,17.639
MOVEL=-4.521,11.917,13.57,-179.308,-0.263,135.182/30,14.905
MOVEL=-5.851,11.374,13.571,-179.339,-0.34,135.183/30,13.879
MOVEL=-7.116,10.685,13.571,-179.379,-0.414,135.183/30,12.406
MOVEL=-8.29,9.86,13.572,-179.427,-0.481,135.183/30,11.306
MOVEL=-9.344,8.92,13.572,-179.481,-0.543,135.183/30,10.412
MOVEL=-10.288,7.864,13.573,-179.543,-0.598,135.183/30,9.924
MOVEL=-11.106,6.713,13.573,-179.609,-0.646,135.183/30,9.538
MOVEL=-11.785,5.484,13.574,-179.681,-0.686,135.183/30,9.289
MOVEL=-12.326,4.184,13.574,-179.756,-0.717,135.182/30,9.24
MOVEL=-12.721,2.837,13.574,-179.835,-0.74,135.182/30,9.18
MOVEL=-12.968,1.427,13.574,-179.917,-0.754,135.181/30,9.358
MOVEL=-13.057,-0.007,13.574,180,-0.759,135.181/30,9.414
MOVEL=-12.988,-1.437,13.574,179.917,-0.755,135.18/30,9.426
MOVEL=-12.766,-2.84,13.575,179.835,-0.742,135.18/30,9.416
MOVEL=-12.4,-4.216,13.575,179.755,-0.72,135.179/30,9.568
MOVEL=-11.895,-5.543,13.575,179.679,-0.691,135.179/30,9.724
MOVEL=-11.293,-6.736,13.575,179.609,-0.655,135.178/30,9.355
MOVEL=-10.572,-7.866,13.576,179.544,-0.613,135.178/30,9.631
MOVEL=-9.744,-8.914,13.576,179.481,-0.564,135.178/30,9.922
MOVEL=-8.373,-10.263,13.577,179.404,-0.486,135.178/30,15.164
MOVEL=-6.826,-11.405,13.578,179.337,-0.397,135.178/30,16.677
MOVEL=-5.654,-12.076,13.578,179.298,-0.329,135.179/30,13.145
MOVEL=-3.885,-12.831,13.579,179.255,-0.227,135.179/30,22.322
MOVEL=-2.027,-13.326,13.58,179.226,-0.118,135.18/30,30.326
MOVEL=-0.699,-13.515,13.581,179.215,-0.041,135.18/30,32.099
MOVEL=0.598,-13.572,13.581,179.212,0.035,135.181/30,57.719
MOVEL=1.924,-13.499,13.582,179.216,0.112,135.181/30,100
MOVEL=3.239,-13.295,13.583,179.229,0.188,135.182/30,100
MOVEL=4.523,-12.962,13.583,179.248,0.263,135.182/30,100
MOVEL=5.835,-12.472,13.584,179.276,0.339,135.183/30,100
MOVEL=7.093,-11.846,13.585,179.312,0.412,135.183/30,100
MOVEL=8.278,-11.099,13.585,179.355,0.481,135.183/30,100
MOVEL=9.418,-10.204,13.586,179.407,0.547,135.184/30,100
MOVEL=10.459,-9.189,13.586,179.466,0.608,135.184/30,100
MOVEL=11.385,-8.074,13.587,179.531,0.661,135.183/30,100
MOVEL=12.174,-6.88,13.587,179.6,0.708,135.183/30,100
MOVEL=12.836,-5.607,13.587,179.674,0.746,135.183/30,100
MOVEL=13.359,-4.275,13.588,179.752,0.776,135.182/30,100
MOVEL=13.741,-2.879,13.588,179.833,0.798,135.182/30,100
MOVEL=13.972,-1.445,13.588,179.916,0.812,135.181/30,100
MOVEL=14.05,0,13.588,180,0.817,135.181/30,100
MOVEL=13.962,1.64,13.588,-179.905,0.811,135.18/30,100
MOVEL=13.627,3.534,13.588,-179.795,0.791,135.179/30,100
MOVEL=13.276,4.732,13.588,-179.725,0.771,135.179/30,100
MOVEL=12.852,5.827,13.589,-179.662,0.746,135.179/30,100
MOVEL=12.357,6.85,13.589,-179.602,0.717,135.178/30,100
MOVEL=11.781,7.831,13.589,-179.545,0.684,135.178/30,100
MOVEL=11.132,8.761,13.589,-179.481,0.639,135.178/30,100
MOVEL=9.864,10.21,13.59,-179.407,0.573,135.178/30,100
MOVEL=9.101,10.921,13.59,-179.365,0.529,135.178/30,100
MOVEL=7.572,12.087,13.591,-179.297,0.44,135.178/30,100
MOVEL=6.658,12.652,13.592,-179.264,0.387,135.178/30,100
MOVEL=4.931,13.496,13.593,-179.216,0.287,135.179/30,100
MOVEL=3.949,13.856,13.593,-179.198,0.238,135.179/30,100
MOVEL=2.498,14.244,13.594,-179.173,0.145,135.18/30,100
MOVEL=1.008,14.482,13.595,-179.159,0.058,135.18/30,100
MOVEL=-0.495,14.562,13.595,-179.155,-0.024,135.181/30,100
MOVEL=-2.035,14.479,13.596,-179.16,-0.118,135.182/30,100
MOVEL=-3.581,14.224,13.597,-179.174,-0.208,135.182/30,73.114
MOVEL=-5.113,13.795,13.598,-179.199,-0.299,135.183/30,39.569
MOVEL=-6.646,13.177,13.598,-179.234,-0.386,135.183/30,28.28
MOVEL=-8.106,12.39,13.599,-179.28,-0.471,135.184/30,21.881
MOVEL=-9.462,11.446,13.6,-179.334,-0.55,135.184/30,17.964
MOVEL=-10.674,10.378,13.6,-179.397,-0.62,135.184/30,15.203
MOVEL=-11.763,9.177,13.601,-179.466,-0.684,135.184/30,13.722
MOVEL=-12.709,7.868,13.601,-179.542,-0.739,135.184/30,12.71
MOVEL=-13.501,6.466,13.602,-179.624,-0.785,135.183/30,12.093
MOVEL=-14.137,4.982,13.602,-179.71,-0.823,135.183/30,11.808
MOVEL=-14.607,3.443,13.602,-179.8,-0.85,135.182/30,11.602
MOVEL=-14.908,1.826,13.602,-179.894,-0.867,135.182/30,11.77
MOVEL=-15.029,0.181,13.602,-179.989,-0.874,135.181/30,11.741
MOVEL=-14.967,-1.462,13.603,179.915,-0.87,135.18/30,11.684
MOVEL=-14.733,-3.07,13.603,179.822,-0.856,135.179/30,11.649
MOVEL=-14.333,-4.649,13.603,179.73,-0.833,135.179/30,11.895
MOVEL=-13.773,-6.174,13.603,179.642,-0.8,135.178/30,12.191
MOVEL=-13.098,-7.551,13.603,179.562,-0.76,135.178/30,11.965
MOVEL=-12.285,-8.857,13.604,179.486,-0.713,135.178/30,12.626
MOVEL=-11.35,-10.07,13.604,179.408,-0.653,135.177/30,13.347
MOVEL=-10.007,-11.449,13.605,179.335,-0.581,135.177/30,18.372
MOVEL=-9.201,-12.129,13.605,179.295,-0.535,135.177/30,11.154
MOVEL=-7.623,-13.228,13.606,179.231,-0.443,135.178/30,23.419
MOVEL=-6.681,-13.763,13.607,179.2,-0.388,135.178/30,15.867
MOVEL=-4.927,-14.552,13.608,179.154,-0.286,135.179/30,37.327
MOVEL=-3.925,-14.891,13.608,179.138,-0.237,135.179/30,31.982
MOVEL=-2.472,-15.251,13.609,179.114,-0.144,135.18/30,93.114
MOVEL=-0.986,-15.471,13.61,179.102,-0.057,135.18/30,100
MOVEL=0.511,-15.547,13.61,179.097,0.03,135.181/30,100
MOVEL=2.047,-15.47,13.611,179.102,0.119,135.182/30,100
MOVEL=3.572,-15.239,13.612,179.115,0.207,135.182/30,100
MOVEL=5.062,-14.857,13.613,179.138,0.294,135.183/30,100
MOVEL=6.592,-14.29,13.613,179.17,0.383,135.183/30,100
MOVEL=8.058,-13.564,13.614,179.212,0.468,135.184/30,100
MOVEL=9.439,-12.694,13.615,179.262,0.549,135.184/30,100
MOVEL=10.737,-11.671,13.615,179.322,0.624,135.184/30,100
MOVEL=11.922,-10.513,13.616,179.389,0.693,135.184/30,100
MOVEL=12.975,-9.239,13.617,179.463,0.754,135.184/30,100
MOVEL=13.877,-7.875,13.617,179.542,0.806,135.184/30,100
MOVEL=14.633,-6.419,13.617,179.627,0.85,135.183/30,100
MOVEL=15.23,-4.897,13.618,179.716,0.885,135.183/30,100
MOVEL=15.668,-3.298,13.618,179.808,0.91,135.182/30,100
MOVEL=15.933,-1.656,13.618,179.904,0.926,135.181/30,100
MOVEL=16.022,0,13.618,180,0.931,135.181/30,100
MOVEL=15.922,1.852,13.618,-179.892,0.925,135.18/30,100
MOVEL=15.603,3.748,13.618,-179.782,0.906,135.179/30,100
MOVEL=15.151,5.347,13.618,-179.69,0.879,135.178/30,100
MOVEL=14.674,6.586,13.619,-179.618,0.852,135.178/30,100
MOVEL=14.115,7.744,13.619,-179.55,0.819,135.178/30,100
MOVEL=13.467,8.856,13.619,-179.486,0.782,135.177/30,100
MOVEL=12.735,9.911,13.62,-179.419,0.735,135.177/30,100
MOVEL=11.484,11.373,13.62,-179.339,0.667,135.177/30,100
MOVEL=10.444,12.363,13.621,-179.281,0.607,135.177/30,100
MOVEL=8.929,13.546,13.622,-179.212,0.519,135.177/30,100
MOVEL=7.687,14.334,13.622,-179.166,0.447,135.177/30,100
MOVEL=5.97,15.199,13.623,-179.117,0.347,135.178/30,100
MOVEL=4.628,15.71,13.624,-179.088,0.27,135.179/30,100
MOVEL=2.983,16.158,13.625,-179.062,0.173,135.179/30,100
MOVEL=1.296,16.435,13.625,-179.046,0.075,135.18/30,100
MOVEL=-0.407,16.535,13.626,-179.04,-0.018,135.181/30,100
MOVEL=-2.156,16.449,13.627,-179.045,-0.125,135.182/30,100
MOVEL=-3.912,16.169,13.628,-179.061,-0.227,135.183/30,100
MOVEL=-5.652,15.693,13.629,-179.091,-0.336,135.183/30,57.144
MOVEL=-7.388,15.006,13.63,-179.128,-0.429,135.184/30,30.212
MOVEL=-9.041,14.129,13.631,-179.179,-0.525,135.184/30,19.908
MOVEL=-10.579,13.076,13.631,-179.24,-0.615,135.185/30,14.681
MOVEL=-11.951,11.885,13.632,-179.309,-0.695,135.185/30,11.416
MOVEL=-13.188,10.546,13.632,-179.386,-0.767,135.185/30,9.679
MOVEL=-14.268,9.085,13.633,-179.471,-0.83,135.185/30,8.514
MOVEL=-15.176,7.519,13.633,-179.563,-0.883,135.184/30,7.755
MOVEL=-15.911,5.86,13.634,-179.659,-0.926,135.183/30,7.308
MOVEL=-16.463,4.134,13.634,-179.751,-0.956,135.183/30,6.99
MOVEL=-16.827,2.34,13.634,-179.864,-0.979,135.182/30,6.871
MOVEL=-16.993,0.499,13.634,-179.971,-0.988,135.181/30,6.841
MOVEL=-16.954,-1.364,13.635,179.92,-0.986,135.18/30,6.886
MOVEL=-16.716,-3.196,13.635,179.814,-0.972,135.179/30,6.914
MOVEL=-16.287,-4.998,13.635,179.71,-0.946,135.178/30,7.142
MOVEL=-15.674,-6.74,13.635,179.609,-0.91,135.178/30,7.476
MOVEL=-14.926,-8.316,13.636,179.517,-0.866,135.177/30,7.547
MOVEL=-14.021,-9.812,13.636,179.43,-0.814,135.177/30,8.205
MOVEL=-12.973,-11.205,13.637,179.349,-0.753,135.176/30,9.005
MOVEL=-11.819,-12.454,13.637,179.277,-0.686,135.176/30,9.863
MOVEL=-10.547,-13.588,13.638,179.211,-0.613,135.177/30,11.356
MOVEL=-9.175,-14.592,13.638,179.152,-0.533,135.177/30,13.49
MOVEL=-7.721,-15.454,13.639,179.102,-0.449,135.177/30,16.858
MOVEL=-6.189,-16.176,13.64,179.06,-0.36,135.178/30,23.107
MOVEL=-4.599,-16.748,13.641,179.027,-0.267,135.178/30,36.841
MOVEL=-2.95,-17.167,13.642,179.002,-0.171,135.179/30,91.344
MOVEL=-1.264,-17.425,13.642,178.988,-0.073,135.18/30,100
MOVEL=0.435,-17.519,13.643,178.983,0.026,135.181/30,100
MOVEL=2.181,-17.438,13.644,178.988,0.127,135.182/30,100
MOVEL=3.914,-17.181,13.645,179.002,0.227,135.183/30,100
MOVEL=5.608,-16.751,13.646,179.027,0.326,135.183/30,100
MOVEL=7.346,-16.11,13.647,179.064,0.427,135.184/30,100
MOVEL=9.013,-15.289,13.648,179.112,0.524,135.185/30,100
MOVEL=10.581,-14.302,13.648,179.169,0.615,135.185/30,100
MOVEL=12.041,-13.15,13.649,179.236,0.7,135.185/30,100
MOVEL=13.374,-11.847,13.65,179.311,0.777,135.185/30,100
MOVEL=14.559,-10.414,13.65,179.395,0.846,135.185/30,100
MOVEL=15.575,-8.877,13.651,179.484,0.905,135.185/30,100
MOVEL=16.427,-7.238,13.651,179.579,0.955,135.184/30,100
MOVEL=17.101,-5.523,13.652,179.679,0.994,135.184/30,100
MOVEL=17.594,-3.719,13.652,179.784,1.022,135.183/30,100
MOVEL=17.894,-1.867,13.652,179.891,1.04,135.182/30,100
MOVEL=17.994,0,13.652,180,1.046,135.181/30,100
MOVEL=17.967,1.033,13.652,-179.94,1.044,135.18/30,100
MOVEL=17.883,2.064,13.652,-179.88,1.039,135.18/30,100
MOVEL=17.743,3.087,13.652,-179.818,1.03,135.179/30,100
MOVEL=17.442,4.539,13.652,-179.736,1.013,135.178/30,100
MOVEL=17.024,5.964,13.653,-179.654,0.989,135.178/30,100
MOVEL=16.492,7.348,13.653,-179.574,0.958,135.177/30,100
MOVEL=15.87,8.643,13.653,-179.498,0.921,135.177/30,100
MOVEL=15.147,9.887,13.654,-179.426,0.879,135.176/30,100
MOVEL=14.33,11.069,13.654,-179.355,0.831,135.176/30,100
MOVEL=13.092,12.541,13.655,-179.271,0.761,135.176/30,100
MOVEL=11.773,13.817,13.655,-179.196,0.685,135.176/30,100
MOVEL=10.267,15.013,13.656,-179.127,0.597,135.176/30,100
MOVEL=8.692,16.03,13.657,-179.068,0.505,135.177/30,100
MOVEL=6.981,16.908,13.658,-179.017,0.406,135.177/30,100
MOVEL=5.269,17.576,13.658,-178.982,0.315,135.178/30,100
MOVEL=3.427,18.081,13.659,-178.95,0.199,135.179/30,100
MOVEL=1.535,18.393,13.66,-178.932,0.089,135.18/30,100
MOVEL=-0.376,18.506,13.661,-178.926,-0.014,135.181/30,100
MOVEL=-1.358,18.485,13.662,-178.927,-0.079,135.181/30,100
MOVEL=-2.34,18.41,13.662,-178.931,-0.136,135.182/30,100
MOVEL=-3.316,18.283,13.663,-178.938,-0.193,135.183/30,100
MOVEL=-4.316,18.097,13.663,-178.949,-0.251,135.183/30,100
MOVEL=-5.305,17.855,13.664,-178.963,-0.308,135.184/30,39.222
MOVEL=-6.278,17.561,13.664,-178.98,-0.365,135.184/30,22.683
MOVEL=-7.263,17.203,13.665,-179,-0.422,135.184/30,16.07
MOVEL=-8.228,16.792,13.665,-179.024,-0.478,135.185/30,12.082
MOVEL=-9.166,16.327,13.666,-179.053,-0.537,135.185/30,9.515
MOVEL=-10.492,15.549,13.666,-179.096,-0.61,135.186/30,11.037
MOVEL=-11.749,14.663,13.667,-179.148,-0.683,135.186/30,8.79
MOVEL=-12.926,13.676,13.667,-179.205,-0.751,135.186/30,7.273
MOVEL=-13.999,12.612,13.668,-179.267,-0.814,135.186/30,6.161
MOVEL=-14.983,11.463,13.668,-179.333,-0.871,135.186/30,5.471
MOVEL=-15.869,10.239,13.669,-179.405,-0.924,135.186/30,4.966
MOVEL=-16.846,8.583,13.669,-179.501,-0.98,135.185/30,5.811
MOVEL=-17.649,6.836,13.67,-179.602,-1.027,135.184/30,5.415
MOVEL=-18.269,5.016,13.67,-179.708,-1.063,135.183/30,5.168
MOVEL=-18.579,3.759,13.67,-179.781,-1.081,135.183/30,3.389
MOVEL=-18.761,2.754,13.67,-179.84,-1.091,135.182/30,2.639
MOVEL=-18.888,1.742,13.67,-179.899,-1.098,135.182/30,2.617
MOVEL=-18.96,0.706,13.67,-179.959,-1.102,135.181/30,2.647
MOVEL=-18.974,-0.334,13.671,179.981,-1.103,135.181/30,2.638
MOVEL=-18.932,-1.369,13.671,179.911,-1.1,135.18/30,2.626
MOVEL=-18.704,-3.281,13.671,179.809,-1.087,135.179/30,4.923
MOVEL=-18.292,-5.159,13.671,179.7,-1.063,135.178/30,5.052
MOVEL=-17.698,-6.988,13.671,179.597,-1.029,135.177/30,5.325
MOVEL=-17.161,-8.259,13.671,179.52,-0.996,135.177/30,4.067
MOVEL=-16.724,-9.138,13.672,179.469,-0.971,135.176/30,3.052
MOVEL=-16.243,-9.994,13.672,179.42,-0.943,135.176/30,3.209
MOVEL=-15.728,-10.808,13.672,179.372,-0.913,135.176/30,3.317
MOVEL=-15.173,-11.596,13.672,179.327,-0.881,135.176/30,3.504
MOVEL=-14.581,-12.354,13.673,179.275,-0.841,135.175/30,3.698
MOVEL=-13.301,-13.759,13.673,179.201,-0.773,135.175/30,8.031
MOVEL=-11.89,-15.035,13.674,179.126,-0.691,135.175/30,9.343
MOVEL=-10.366,-16.167,13.675,179.06,-0.602,135.176/30,11.292
MOVEL=-8.747,-17.141,13.676,179.004,-0.508,135.176/30,14.427
MOVEL=-7.039,-17.958,13.677,178.956,-0.409,135.177/30,20.315
MOVEL=-5.265,-18.607,13.677,178.919,-0.306,135.178/30,33.67
MOVEL=-3.42,-19.085,13.678,178.891,-0.199,135.179/30,87.346
MOVEL=-1.533,-19.382,13.679,178.874,-0.089,135.18/30,100
MOVEL=0.371,-19.491,13.68,178.868,0.015,135.181/30,100
MOVEL=1.341,-19.474,13.681,178.869,0.078,135.181/30,100
MOVEL=2.312,-19.407,13.681,178.873,0.134,135.182/30,100
MOVEL=3.277,-19.292,13.682,178.88,0.191,135.183/30,100
MOVEL=4.258,-19.122,13.682,178.89,0.247,135.183/30,100
MOVEL=5.228,-18.902,13.683,178.902,0.304,135.184/30,100
MOVEL=6.185,-18.633,13.683,178.919,0.364,135.184/30,100
MOVEL=7.993,-17.975,13.684,178.955,0.464,135.185/30,100
MOVEL=9.727,-17.145,13.685,179.004,0.565,135.186/30,100
MOVEL=11.373,-16.151,13.686,179.061,0.661,135.186/30,100
MOVEL=12.912,-14.999,13.687,179.128,0.75,135.186/30,100
MOVEL=14.33,-13.7,13.687,179.204,0.833,135.187/30,100
MOVEL=15.615,-12.27,13.688,179.287,0.907,135.186/30,100
MOVEL=16.751,-10.718,13.688,179.377,0.973,135.186/30,100
MOVEL=17.283,-9.863,13.689,179.427,1.004,135.186/30,38.093
MOVEL=18.174,-8.159,13.689,179.526,1.056,135.185/30,53.465
MOVEL=18.894,-6.375,13.69,179.624,1.096,135.184/30,41.349
MOVEL=19.273,-5.152,13.69,179.701,1.12,135.184/30,23.696
MOVEL=19.52,-4.148,13.69,179.759,1.134,135.183/30,17.529
MOVEL=19.713,-3.134,13.69,179.818,1.146,135.183/30,16.428
MOVEL=19.854,-2.095,13.69,179.878,1.154,135.182/30,15.622
MOVEL=19.938,-1.048,13.69,179.939,1.159,135.181/30,14.681
MOVEL=19.966,0,13.69,180,1.161,135.181/30,13.85
MOVEL=19.936,1.14,13.69,-179.934,1.159,135.18/30,14.265
MOVEL=19.844,2.277,13.69,-179.868,1.153,135.179/30,13.586
MOVEL=19.689,3.405,13.69,-179.797,1.143,135.179/30,13.016
MOVEL=19.357,5.009,13.69,-179.709,1.124,135.178/30,18.274
MOVEL=18.896,6.583,13.691,-179.618,1.097,135.177/30,18.639
MOVEL=18.311,8.111,13.691,-179.529,1.063,135.176/30,20.025
MOVEL=17.624,9.544,13.691,-179.446,1.024,135.176/30,22.366
MOVEL=16.826,10.92,13.692,-179.366,0.977,135.175/30,28.005
MOVEL=15.927,12.226,13.692,-179.279,0.917,135.175/30,39.482
MOVEL=14.697,13.708,13.693,-179.203,0.854,135.175/30,96.433
MOVEL=13.334,15.064,13.693,-179.124,0.775,135.175/30,100
MOVEL=11.853,16.291,13.694,-179.052,0.69,135.175/30,100
MOVEL=10.269,17.38,13.695,-178.989,0.597,135.175/30,100
MOVEL=8.594,18.323,13.696,-178.935,0.5,135.176/30,100
MOVEL=6.838,19.107,13.697,-178.89,0.397,135.177/30,100
MOVEL=5.91,19.443,13.697,-178.87,0.343,135.177/30,100
MOVEL=4.902,19.749,13.698,-178.853,0.285,135.178/30,100
MOVEL=3.878,20.003,13.698,-178.838,0.225,135.178/30,100
MOVEL=2.845,20.203,13.699,-178.826,0.161,135.179/30,100
MOVEL=1.246,20.404,13.699,-178.815,0.072,135.18/30,100
MOVEL=-0.366,20.477,13.7,-178.811,-0.021,135.181/30,100
MOVEL=-1.976,20.421,13.701,-178.814,-0.115,135.182/30,100
MOVEL=-3.645,20.225,13.702,-178.825,-0.212,135.183/30,100
MOVEL=-5.296,19.892,13.703,-178.844,-0.308,135.184/30,100
MOVEL=-6.912,19.427,13.703,-178.87,-0.398,135.185/30,36.233
MOVEL=-7.996,19.034,13.704,-178.894,-0.465,135.185/30,15.027
MOVEL=-9.058,18.58,13.705,-178.92,-0.526,135.186/30,11.146
MOVEL=-10.091,18.069,13.705,-178.952,-0.59,135.186/30,8.7
MOVEL=-11.546,17.216,13.706,-178.999,-0.671,135.187/30,9.917
MOVEL=-12.927,16.244,13.706,-179.056,-0.751,135.187/30,7.814
MOVEL=-14.221,15.163,13.707,-179.118,-0.827,135.187/30,6.426
MOVEL=-15.404,13.997,13.708,-179.186,-0.896,135.187/30,5.417
MOVEL=-16.49,12.736,13.708,-179.259,-0.959,135.187/30,4.786
MOVEL=-17.468,11.395,13.708,-179.338,-1.017,135.187/30,4.309
MOVEL=-18.461,9.748,13.709,-179.433,-1.074,135.186/30,4.579
MOVEL=-19.296,8.016,13.709,-179.534,-1.123,135.185/30,4.271
MOVEL=-19.968,6.215,13.71,-179.638,-1.161,135.184/30,4.065
MOVEL=-20.469,4.358,13.71,-179.747,-1.19,135.183/30,3.935
MOVEL=-20.693,3.172,13.71,-179.815,-1.204,135.183/30,2.425
MOVEL=-20.839,2.058,13.71,-179.88,-1.212,135.182/30,2.237
MOVEL=-20.925,0.917,13.71,-179.947,-1.217,135.181/30,2.26
MOVEL=-20.948,-0.229,13.71,179.987,-1.218,135.181/30,2.25
MOVEL=-20.908,-1.371,13.711,179.912,-1.215,135.18/30,2.236
MOVEL=-20.701,-3.284,13.711,179.809,-1.203,135.179/30,3.782
MOVEL=-20.326,-5.17,13.711,179.7,-1.181,135.178/30,3.864
MOVEL=-19.786,-7.015,13.711,179.593,-1.149,135.177/30,4.043
MOVEL=-19.429,-7.98,13.711,179.546,-1.132,135.176/30,2.273
MOVEL=-19.004,-8.973,13.711,179.479,-1.103,135.176/30,2.489
MOVEL=-18.528,-9.946,13.712,179.422,-1.076,135.175/30,2.622
MOVEL=-18.002,-10.893,13.712,179.368,-1.045,135.175/30,2.765
MOVEL=-17.439,-11.796,13.712,179.315,-1.013,135.175/30,2.876
MOVEL=-16.831,-12.669,13.713,179.264,-0.978,135.174/30,3.049
MOVEL=-16.181,-13.511,13.713,179.214,-0.939,135.174/30,3.234
MOVEL=-14.9,-14.945,13.714,179.132,-0.866,135.174/30,6.401
MOVEL=-13.497,-16.26,13.714,179.055,-0.784,135.174/30,7.359
MOVEL=-11.983,-17.445,13.715,178.986,-0.696,135.175/30,8.766
MOVEL=-10.37,-18.49,13.716,178.925,-0.603,135.175/30,10.932
MOVEL=-8.67,-19.389,13.717,178.873,-0.504,135.176/30,14.614
MOVEL=-6.898,-20.135,13.718,178.83,-0.401,135.177/30,21.797
MOVEL=-5.923,-20.469,13.718,178.811,-0.344,135.177/30,18.339
MOVEL=-4.065,-20.965,13.719,178.782,-0.236,135.178/30,70.113
MOVEL=-2.171,-21.294,13.72,178.763,-0.126,135.179/30,100
MOVEL=-0.254,-21.451,13.721,178.754,-0.015,135.181/30,100
MOVEL=1.391,-21.446,13.722,178.755,0.081,135.182/30,100
MOVEL=2.468,-21.373,13.722,178.759,0.143,135.182/30,100
MOVEL=3.538,-21.245,13.723,178.766,0.206,135.183/30,100
MOVEL=4.628,-21.057,13.723,178.777,0.269,135.184/30,100
MOVEL=5.707,-20.813,13.724,178.791,0.331,135.184/30,100
MOVEL=6.77,-20.514,13.724,178.809,0.398,135.185/30,100
MOVEL=8.581,-19.863,13.725,178.846,0.499,135.186/30,100
MOVEL=10.326,-19.057,13.726,178.892,0.6,135.187/30,100
MOVEL=11.994,-18.101,13.727,178.948,0.697,135.187/30,100
MOVEL=12.932,-17.47,13.727,178.985,0.751,135.187/30,100
MOVEL=14.446,-16.285,13.728,179.053,0.84,135.188/30,69.962
MOVEL=15.848,-14.969,13.729,179.13,0.921,135.188/30,34.457
MOVEL=17.128,-13.534,13.73,179.213,0.995,135.188/30,22.86
MOVEL=17.752,-12.73,13.73,179.26,1.032,135.187/30,9.704
MOVEL=18.821,-11.133,13.73,179.353,1.094,135.187/30,15.58
MOVEL=19.745,-9.446,13.731,179.451,1.148,135.186/30,13.286
MOVEL=20.515,-7.684,13.731,179.553,1.192,135.185/30,11.821
MOVEL=20.846,-6.758,13.731,179.598,1.208,135.185/30,5.655
MOVEL=21.175,-5.673,13.732,179.67,1.231,135.184/30,6.272
MOVEL=21.447,-4.568,13.732,179.734,1.247,135.184/30,6.064
MOVEL=21.659,-3.452,13.732,179.799,1.259,135.183/30,5.861
MOVEL=21.814,-2.307,13.732,179.866,1.268,135.182/30,5.774
MOVEL=21.907,-1.155,13.732,179.933,1.273,135.181/30,5.593
MOVEL=21.938,0,13.732,180,1.275,135.181/30,5.418
MOVEL=21.905,1.246,13.732,-179.928,1.273,135.18/30,5.684
MOVEL=21.804,2.489,13.732,-179.855,1.267,135.179/30,5.547
MOVEL=21.636,3.724,13.732,-179.781,1.257,135.178/30,5.434
MOVEL=21.273,5.479,13.732,-179.682,1.236,135.177/30,7.775
MOVEL=20.769,7.202,13.733,-179.582,1.206,135.176/30,7.948
MOVEL=20.129,8.875,13.733,-179.485,1.169,135.175/30,8.391
MOVEL=19.378,10.445,13.733,-179.393,1.126,135.175/30,8.974
MOVEL=18.506,11.954,13.734,-179.306,1.075,135.174/30,10.267
MOVEL=17.52,13.387,13.734,-179.219,1.015,135.174/30,12.207
MOVEL=16.303,14.877,13.735,-179.136,0.947,135.174/30,17.244
MOVEL=14.965,16.257,13.735,-179.055,0.87,135.174/30,24.531
MOVEL=13.515,17.52,13.736,-178.982,0.785,135.174/30,41.474
MOVEL=12.639,18.186,13.737,-178.943,0.734,135.174/30,48.243
MOVEL=11.033,19.244,13.737,-178.882,0.641,135.174/30,100
MOVEL=9.344,20.162,13.738,-178.828,0.543,135.175/30,100
MOVEL=7.584,20.936,13.739,-178.784,0.441,135.176/30,100
MOVEL=6.547,21.31,13.74,-178.765,0.389,135.177/30,100
MOVEL=5.443,21.646,13.74,-178.743,0.316,135.177/30,100
MOVEL=4.32,21.926,13.741,-178.727,0.251,135.178/30,100
MOVEL=3.185,22.146,13.741,-178.714,0.185,135.179/30,100
MOVEL=1.429,22.368,13.742,-178.701,0.083,135.18/30,100
MOVEL=-0.341,22.448,13.743,-178.696,-0.02,135.181/30,100
MOVEL=-2.11,22.387,13.744,-178.7,-0.123,135.182/30,100
MOVEL=-3.947,22.172,13.745,-178.712,-0.229,135.183/30,100
MOVEL=-5.763,21.806,13.746,-178.733,-0.335,135.184/30,100
MOVEL=-7.542,21.295,13.747,-178.762,-0.438,135.185/30,36.201
MOVEL=-8.723,20.867,13.747,-178.787,-0.507,135.186/30,14.743
MOVEL=-9.88,20.373,13.748,-178.816,-0.574,135.187/30,10.881
MOVEL=-11.006,19.816,13.748,-178.849,-0.642,135.187/30,8.441
MOVEL=-12.591,18.888,13.749,-178.902,-0.732,135.188/30,9.524
MOVEL=-14.097,17.832,13.75,-178.964,-0.819,135.188/30,7.459
MOVEL=-15.509,16.657,13.751,-179.032,-0.901,135.188/30,6.123
MOVEL=-16.801,15.388,13.751,-179.105,-0.977,135.188/30,5.155
MOVEL=-17.989,14.018,13.752,-179.185,-1.046,135.188/30,4.536
MOVEL=-19.062,12.558,13.752,-179.27,-1.109,135.188/30,4.079
MOVEL=-20.067,10.919,13.753,-179.365,-1.167,135.187/30,3.967
MOVEL=-20.93,9.201,13.753,-179.465,-1.217,135.186/30,3.704
MOVEL=-21.318,8.286,13.753,-179.518,-1.24,135.186/30,1.839
MOVEL=-21.954,6.471,13.754,-179.624,-1.277,135.185/30,3.457
MOVEL=-22.389,4.808,13.754,-179.72,-1.302,135.184/30,3.006
MOVEL=-22.621,3.603,13.754,-179.79,-1.315,135.183/30,2.114
MOVEL=-22.788,2.388,13.754,-179.861,-1.325,135.182/30,2.09
MOVEL=-22.889,1.143,13.754,-179.934,-1.331,135.181/30,2.109
MOVEL=-22.921,-0.107,13.754,179.994,-1.332,135.181/30,2.096
MOVEL=-22.885,-1.356,13.754,179.917,-1.33,135.18/30,2.084
MOVEL=-22.696,-3.27,13.755,179.81,-1.319,135.179/30,3.217
MOVEL=-22.354,-5.162,13.755,179.7,-1.299,135.177/30,3.271
MOVEL=-22.086,-6.242,13.755,179.637,-1.283,135.177/30,1.943
MOVEL=-21.504,-8.074,13.755,179.531,-1.249,135.176/30,3.502
MOVEL=-20.848,-9.684,13.755,179.438,-1.211,135.175/30,3.383
MOVEL=-20.332,-10.751,13.756,179.376,-1.181,135.174/30,2.458
MOVEL=-19.762,-11.791,13.756,179.315,-1.148,135.174/30,2.6
MOVEL=-19.151,-12.782,13.756,179.258,-1.112,135.174/30,2.706
MOVEL=-18.49,-13.742,13.757,179.202,-1.074,135.173/30,2.879
MOVEL=-17.784,-14.665,13.757,179.141,-1.027,135.173/30,3.054
MOVEL=-16.514,-16.112,13.758,179.064,-0.959,135.173/30,5.527
MOVEL=-15.132,-17.449,13.758,178.986,-0.879,135.173/30,6.275
MOVEL=-13.647,-18.669,13.759,178.915,-0.793,135.173/30,7.329
MOVEL=-12.731,-19.327,13.759,178.877,-0.74,135.173/30,4.995
MOVEL=-11.1,-20.346,13.76,178.818,-0.645,135.174/30,10.221
MOVEL=-9.392,-21.229,13.761,178.766,-0.546,135.175/30,13.682
MOVEL=-7.619,-21.972,13.762,178.723,-0.443,135.176/30,20.373
MOVEL=-6.577,-22.332,13.763,178.702,-0.382,135.176/30,18.144
MOVEL=-4.723,-22.84,13.764,178.673,-0.274,135.178/30,60.659
MOVEL=-2.833,-23.194,13.764,178.653,-0.165,135.179/30,100
MOVEL=-0.921,-23.393,13.765,178.642,-0.053,135.18/30,100
MOVEL=0.259,-23.436,13.766,178.639,0.005,135.181/30,100
MOVEL=1.44,-23.418,13.767,178.64,0.084,135.182/30,100
MOVEL=2.622,-23.339,13.767,178.644,0.152,135.183/30,100
MOVEL=3.797,-23.2,13.768,178.653,0.221,135.183/30,100
MOVEL=4.994,-22.994,13.768,178.664,0.29,135.184/30,100
MOVEL=6.18,-22.726,13.769,178.68,0.359,135.185/30,100
MOVEL=7.348,-22.398,13.77,178.7,0.431,135.186/30,100
MOVEL=9.161,-21.755,13.77,178.736,0.532,135.187/30,100
MOVEL=10.916,-20.968,13.771,178.781,0.634,135.187/30,100
MOVEL=11.966,-20.413,13.772,178.813,0.696,135.188/30,50.857
MOVEL=13.603,-19.405,13.773,178.872,0.791,135.189/30,38.884
MOVEL=15.15,-18.264,13.773,178.938,0.88,135.189/30,22.81
MOVEL=16.015,-17.534,13.774,178.981,0.931,135.189/30,10.003
MOVEL=17.4,-16.201,13.775,179.058,1.011,135.189/30,13.51
MOVEL=18.673,-14.76,13.775,179.142,1.085,135.189/30,10.794
MOVEL=19.34,-13.898,13.776,179.192,1.124,135.189/30,5.326
MOVEL=20.416,-12.305,13.776,179.285,1.187,135.188/30,8.413
MOVEL=21.358,-10.629,13.777,179.382,1.241,135.187/30,7.482
MOVEL=21.821,-9.667,13.777,179.438,1.268,135.187/30,3.854
MOVEL=22.544,-7.885,13.777,179.542,1.31,135.186/30,6.567
MOVEL=23.077,-6.196,13.777,179.64,1.341,135.185/30,5.729
MOVEL=23.373,-4.99,13.778,179.71,1.359,135.184/30,3.874
MOVEL=23.606,-3.771,13.778,179.781,1.372,135.183/30,3.767
MOVEL=23.775,-2.52,13.778,179.854,1.382,135.182/30,3.733
MOVEL=23.877,-1.262,13.778,179.927,1.388,135.182/30,3.648
MOVEL=23.91,0,13.778,180,1.39,135.181/30,3.566
MOVEL=23.874,1.352,13.778,-179.921,1.387,135.18/30,3.736
MOVEL=23.765,2.701,13.778,-179.843,1.381,135.179/30,3.67
MOVEL=23.582,4.041,13.778,-179.763,1.37,135.178/30,3.621
MOVEL=23.194,5.924,13.778,-179.656,1.347,135.177/30,5.145
MOVEL=22.658,7.771,13.778,-179.549,1.316,135.176/30,5.256
MOVEL=21.977,9.569,13.779,-179.444,1.276,135.175/30,5.524
MOVEL=21.154,11.306,13.779,-179.343,1.229,135.174/30,5.984
MOVEL=20.194,12.973,13.78,-179.246,1.173,135.173/30,6.698
MOVEL=19.119,14.541,13.78,-179.153,1.109,135.173/30,7.637
MOVEL=17.91,16.036,13.781,-179.068,1.041,135.172/30,9.187
MOVEL=16.587,17.432,13.781,-178.987,0.964,135.172/30,11.417
MOVEL=15.758,18.205,13.782,-178.942,0.916,135.172/30,8.329
MOVEL=14.274,19.428,13.783,-178.871,0.83,135.173/30,18.284
MOVEL=12.699,20.531,13.783,-178.807,0.738,135.173/30,28.034
MOVEL=11.736,21.119,13.784,-178.772,0.682,135.173/30,26.923
MOVEL=10.037,22.019,13.785,-178.72,0.583,135.174/30,100
MOVEL=8.273,22.784,13.786,-178.676,0.481,135.175/30,100
MOVEL=7.204,23.171,13.786,-178.655,0.421,135.176/30,100
MOVEL=6.001,23.539,13.787,-178.633,0.349,135.177/30,100
MOVEL=4.78,23.844,13.787,-178.615,0.278,135.177/30,100
MOVEL=3.546,24.086,13.788,-178.601,0.202,135.178/30,100
MOVEL=1.638,24.329,13.789,-178.587,0.095,135.18/30,100
MOVEL=-0.283,24.42,13.79,-178.582,-0.016,135.181/30,100
MOVEL=-2.204,24.357,13.791,-178.585,-0.129,135.182/30,100
MOVEL=-4.115,24.141,13.792,-178.597,-0.239,135.184/30,100
MOVEL=-6.003,23.775,13.793,-178.618,-0.349,135.185/30,100
MOVEL=-7.857,23.266,13.794,-178.647,-0.454,135.186/30,44.479
MOVEL=-9.419,22.713,13.794,-178.68,-0.547,135.187/30,20.913
MOVEL=-10.67,22.181,13.795,-178.711,-0.62,135.188/30,11.876
MOVEL=-11.888,21.58,13.796,-178.746,-0.692,135.188/30,9.104
MOVEL=-13.551,20.615,13.796,-178.802,-0.788,135.189/30,9.909
MOVEL=-15.132,19.521,13.797,-178.865,-0.88,135.189/30,7.729
MOVEL=-16.622,18.306,13.798,-178.936,-0.966,135.19/30,6.317
MOVEL=-18.011,16.976,13.799,-179.013,-1.047,135.19/30,5.37
MOVEL=-19.291,15.541,13.799,-179.096,-1.122,135.19/30,4.696
MOVEL=-20.455,14.011,13.8,-179.186,-1.19,135.189/30,4.198
MOVEL=-21.494,12.393,13.8,-179.279,-1.25,135.189/30,3.84
MOVEL=-21.985,11.518,13.8,-179.33,-1.279,135.188/30,1.896
MOVEL=-22.826,9.789,13.801,-179.431,-1.328,135.187/30,3.474
MOVEL=-23.529,7.999,13.801,-179.535,-1.368,135.186/30,3.313
MOVEL=-23.951,6.67,13.801,-179.608,-1.392,135.185/30,2.332
MOVEL=-24.28,5.386,13.802,-179.687,-1.412,135.185/30,2.18
MOVEL=-24.54,4.083,13.802,-179.763,-1.427,135.184/30,2.156
MOVEL=-24.729,2.77,13.802,-179.839,-1.438,135.183/30,2.129
MOVEL=-24.848,1.423,13.802,-179.917,-1.444,135.182/30,2.149
MOVEL=-24.893,0.07,13.802,-179.996,-1.447,135.181/30,2.133
MOVEL=-24.863,-1.281,13.802,179.922,-1.445,135.18/30,2.117
MOVEL=-24.695,-3.198,13.802,179.814,-1.435,135.178/30,3.015
MOVEL=-24.384,-5.095,13.803,179.704,-1.417,135.177/30,3.052
MOVEL=-24.031,-6.6,13.803,179.616,-1.396,135.176/30,2.519
MOVEL=-23.467,-8.438,13.803,179.51,-1.363,135.175/30,3.27
MOVEL=-22.764,-10.227,13.803,179.406,-1.322,135.174/30,3.491
MOVEL=-22.155,-11.518,13.804,179.331,-1.287,135.173/30,2.78
MOVEL=-21.541,-12.653,13.804,179.265,-1.251,135.173/30,2.675
MOVEL=-20.882,-13.736,13.804,179.202,-1.213,135.172/30,2.793
MOVEL=-20.168,-14.785,13.805,179.141,-1.171,135.172/30,2.976
MOVEL=-19.404,-15.795,13.805,179.08,-1.126,135.172/30,3.174
MOVEL=-18.148,-17.252,13.806,178.997,-1.054,135.171/30,5.265
MOVEL=-16.786,-18.609,13.806,178.918,-0.975,135.172/30,5.925
MOVEL=-15.915,-19.379,13.807,178.874,-0.925,135.172/30,4.008
MOVEL=-14.401,-20.563,13.807,178.805,-0.837,135.172/30,7.57
MOVEL=-12.801,-21.63,13.808,178.743,-0.744,135.173/30,9.294
MOVEL=-11.81,-22.209,13.809,178.709,-0.686,135.173/30,6.806
MOVEL=-10.095,-23.077,13.81,178.659,-0.587,135.174/30,14.584
MOVEL=-8.319,-23.816,13.811,178.616,-0.483,135.175/30,21.959
MOVEL=-7.238,-24.191,13.811,178.594,-0.42,135.176/30,20.852
MOVEL=-5.386,-24.71,13.812,178.564,-0.313,135.177/30,71.726
MOVEL=-3.501,-25.087,13.813,178.543,-0.203,135.178/30,100
MOVEL=-2.306,-25.251,13.814,178.533,-0.134,135.179/30,100
MOVEL=-0.388,-25.393,13.814,178.525,-0.024,135.18/30,100
MOVEL=1.503,-25.388,13.815,178.526,0.087,135.182/30,100
MOVEL=2.793,-25.302,13.816,178.531,0.162,135.183/30,100
MOVEL=4.076,-25.15,13.817,178.539,0.237,135.184/30,100
MOVEL=5.385,-24.925,13.817,178.552,0.313,135.185/30,100
MOVEL=6.681,-24.631,13.818,178.569,0.388,135.186/30,100
MOVEL=7.958,-24.271,13.819,178.59,0.463,135.186/30,100
MOVEL=9.257,-23.83,13.819,178.615,0.538,135.187/30,100
MOVEL=10.531,-23.321,13.82,178.645,0.612,135.188/30,57.403
MOVEL=11.775,-22.745,13.821,178.679,0.686,135.189/30,29.054
MOVEL=13.464,-21.826,13.821,178.731,0.783,135.189/30,24.465
MOVEL=15.079,-20.782,13.822,178.792,0.876,135.19/30,16.213
MOVEL=16.61,-19.619,13.823,178.86,0.965,135.19/30,11.955
MOVEL=18.048,-18.343,13.824,178.934,1.049,135.19/30,9.441
MOVEL=19.385,-16.962,13.824,179.014,1.127,135.19/30,7.813
MOVEL=20.615,-15.484,13.825,179.1,1.198,135.19/30,6.731
MOVEL=21.728,-13.916,13.826,179.191,1.263,135.19/30,5.955
MOVEL=22.396,-12.838,13.826,179.254,1.302,135.189/30,3.602
MOVEL=23.304,-11.144,13.826,179.352,1.355,135.188/30,5.079
MOVEL=24.084,-9.386,13.827,179.454,1.4,135.187/30,4.737
MOVEL=24.59,-8.001,13.827,179.527,1.426,135.187/30,3.466
MOVEL=24.979,-6.716,13.827,179.61,1.452,135.186/30,3.061
MOVEL=25.301,-5.409,13.827,179.686,1.47,135.185/30,2.989
MOVEL=25.552,-4.088,13.827,179.763,1.485,135.184/30,2.915
MOVEL=25.735,-2.732,13.828,179.841,1.496,135.183/30,2.9
MOVEL=25.846,-1.368,13.828,179.92,1.502,135.182/30,2.84
MOVEL=25.882,0,13.828,180,1.504,135.181/30,2.785
MOVEL=25.843,1.459,13.828,-179.915,1.502,135.18/30,2.917
MOVEL=25.725,2.914,13.828,-179.831,1.495,135.179/30,2.874
MOVEL=25.528,4.359,13.828,-179.742,1.482,135.177/30,2.845
MOVEL=25.146,6.244,13.828,-179.637,1.461,135.176/30,3.757
MOVEL=24.627,8.096,13.828,-179.53,1.43,135.175/30,3.832
MOVEL=23.973,9.904,13.829,-179.425,1.392,135.174/30,3.992
MOVEL=23.186,11.658,13.829,-179.323,1.347,135.173/30,4.254
MOVEL=22.272,13.35,13.829,-179.224,1.294,135.172/30,4.641
MOVEL=21.237,14.97,13.83,-179.13,1.234,135.171/30,5.174
MOVEL=20.086,16.51,13.831,-179.041,1.167,135.171/30,5.891
MOVEL=18.991,17.783,13.831,-178.966,1.104,135.171/30,5.921
MOVEL=17.642,19.152,13.832,-178.887,1.025,135.171/30,7.986
MOVEL=16.198,20.422,13.832,-178.813,0.941,135.171/30,9.87
MOVEL=14.975,21.364,13.833,-178.758,0.87,135.171/30,10
MOVEL=13.378,22.434,13.834,-178.696,0.777,135.172/30,16.452
MOVEL=11.708,23.387,13.835,-178.641,0.68,135.173/30,24.62
MOVEL=10.314,24.066,13.835,-178.602,0.599,135.173/30,33.466
MOVEL=8.534,24.794,13.836,-178.56,0.496,135.174/30,99.235
MOVEL=6.706,25.39,13.837,-178.525,0.389,135.176/30,100
MOVEL=5.176,25.777,13.838,-178.503,0.301,135.177/30,100
MOVEL=3.837,26.036,13.839,-178.487,0.217,135.178/30,100
MOVEL=1.929,26.282,13.84,-178.474,0.112,135.179/30,100
MOVEL=0.009,26.386,13.841,-178.467,0.001,135.181/30,100
MOVEL=-1.913,26.349,13.842,-178.469,-0.111,135.182/30,100
MOVEL=-3.828,26.17,13.842,-178.479,-0.222,135.184/30,100
MOVEL=-5.724,25.854,13.843,-178.498,-0.333,135.185/30,100
MOVEL=-6.752,25.623,13.844,-178.511,-0.392,135.186/30,100
MOVEL=-8.602,25.098,13.845,-178.54,-0.497,135.187/30,62.876
MOVEL=-10.223,24.516,13.846,-178.575,-0.594,135.188/30,27.446
MOVEL=-11.562,23.942,13.846,-178.609,-0.672,135.189/30,15.266
MOVEL=-12.865,23.295,13.847,-178.647,-0.749,135.19/30,11.31
MOVEL=-14.529,22.33,13.848,-178.702,-0.844,135.19/30,11.224
MOVEL=-16.117,21.246,13.848,-178.765,-0.937,135.191/30,8.657
MOVEL=-17.622,20.05,13.849,-178.834,-1.024,135.191/30,7.067
MOVEL=-19.035,18.746,13.85,-178.91,-1.107,135.191/30,5.988
MOVEL=-20.349,17.342,13.85,-178.991,-1.183,135.191/30,5.204
MOVEL=-20.997,16.569,13.851,-179.036,-1.221,135.191/30,2.488
MOVEL=-22.149,15.029,13.851,-179.126,-1.288,135.191/30,4.388
MOVEL=-23.185,13.41,13.852,-179.22,-1.348,135.19/30,4.024
MOVEL=-23.714,12.47,13.852,-179.275,-1.379,135.189/30,2.136
MOVEL=-24.561,10.744,13.852,-179.375,-1.428,135.189/30,3.631
MOVEL=-25.282,8.961,13.853,-179.479,-1.47,135.187/30,3.459
MOVEL=-25.837,7.252,13.853,-179.569,-1.5,135.186/30,3.126
MOVEL=-26.194,5.87,13.853,-179.659,-1.523,135.185/30,2.434
MOVEL=-26.477,4.467,13.853,-179.74,-1.539,135.184/30,2.407
MOVEL=-26.683,3.051,13.854,-179.823,-1.551,135.183/30,2.378
MOVEL=-26.814,1.598,13.854,-179.907,-1.559,135.182/30,2.399
MOVEL=-26.865,0.139,13.854,-179.992,-1.562,135.181/30,2.377
MOVEL=-26.836,-1.317,13.854,179.914,-1.559,135.18/30,2.356
MOVEL=-26.677,-3.235,13.854,179.812,-1.55,135.178/30,3.113
MOVEL=-26.386,-5.136,13.854,179.701,-1.533,135.177/30,3.145
MOVEL=-25.963,-7.012,13.854,179.593,-1.508,135.175/30,3.229
MOVEL=-25.411,-8.853,13.855,179.486,-1.476,135.174/30,3.377
MOVEL=-25.067,-9.81,13.855,179.435,-1.458,135.174/30,1.872
MOVEL=-24.538,-11.095,13.855,179.356,-1.425,135.173/30,2.681
MOVEL=-23.943,-12.352,13.855,179.282,-1.391,135.172/30,2.846
MOVEL=-23.285,-13.577,13.856,179.212,-1.352,135.171/30,3.034
MOVEL=-22.577,-14.747,13.856,179.143,-1.311,135.171/30,3.19
MOVEL=-21.81,-15.88,13.857,179.078,-1.267,135.171/30,3.413
MOVEL=-20.989,-16.97,13.857,179.007,-1.214,135.17/30,3.648
MOVEL=-19.74,-18.435,13.858,178.929,-1.147,135.17/30,5.639
MOVEL=-18.392,-19.806,13.858,178.849,-1.069,135.17/30,6.359
MOVEL=-17.233,-20.847,13.859,178.788,-1.001,135.17/30,5.834
MOVEL=-15.724,-22.039,13.86,178.719,-0.914,135.171/30,8.365
MOVEL=-14.136,-23.122,13.86,178.656,-0.822,135.171/30,10.32
MOVEL=-12.808,-23.91,13.861,178.61,-0.744,135.172/30,10.562
MOVEL=-11.097,-24.787,13.862,178.56,-0.645,135.173/30,17.861
MOVEL=-9.329,-25.543,13.863,178.516,-0.542,135.174/30,28.442
MOVEL=-7.875,-26.059,13.864,178.486,-0.458,135.175/30,44.866
MOVEL=-6.574,-26.445,13.864,178.464,-0.382,135.176/30,100
MOVEL=-5.256,-26.765,13.865,178.445,-0.305,135.177/30,100
MOVEL=-3.924,-27.019,13.865,178.43,-0.224,135.178/30,100
MOVEL=-2.017,-27.265,13.866,178.416,-0.117,135.179/30,100
MOVEL=-0.097,-27.374,13.867,178.41,-0.006,135.181/30,100
MOVEL=1.826,-27.347,13.868,178.412,0.106,135.182/30,100
MOVEL=3.741,-27.183,13.869,178.421,0.217,135.184/30,100
MOVEL=5.64,-26.882,13.87,178.438,0.328,135.185/30,100
MOVEL=7.514,-26.45,13.871,178.463,0.437,135.187/30,100
MOVEL=8.563,-26.147,13.872,178.48,0.496,135.187/30,100
MOVEL=9.964,-25.67,13.872,178.508,0.579,135.188/30,57.073
MOVEL=11.339,-25.12,13.873,178.54,0.659,135.189/30,28.213
MOVEL=12.68,-24.498,13.874,178.579,0.742,135.19/30,17.962
MOVEL=14.372,-23.581,13.875,178.63,0.835,135.191/30,16.047
MOVEL=15.994,-22.548,13.875,178.69,0.929,135.191/30,11.68
MOVEL=17.539,-21.404,13.876,178.756,1.019,135.192/30,9.121
MOVEL=19,-20.154,13.877,178.829,1.104,135.192/30,7.462
MOVEL=20.369,-18.804,13.878,178.907,1.184,135.192/30,6.332
MOVEL=21.19,-17.896,13.878,178.96,1.231,135.192/30,3.6
MOVEL=22.395,-16.399,13.879,179.049,1.303,135.192/30,5.13
MOVEL=23.493,-14.82,13.879,179.139,1.365,135.191/30,4.641
MOVEL=24.1,-13.831,13.88,179.196,1.401,135.191/30,2.607
MOVEL=25.013,-12.139,13.88,179.294,1.454,135.19/30,4.065
MOVEL=25.806,-10.387,13.88,179.396,1.5,135.189/30,3.822
MOVEL=26.462,-8.622,13.881,179.492,1.535,135.188/30,3.569
MOVEL=26.881,-7.237,13.881,179.579,1.562,135.186/30,2.654
MOVEL=27.228,-5.83,13.881,179.661,1.582,135.185/30,2.593
MOVEL=27.498,-4.407,13.881,179.744,1.598,135.184/30,2.533
MOVEL=27.696,-2.945,13.881,179.829,1.61,135.183/30,2.528
MOVEL=27.815,-1.474,13.881,179.914,1.616,135.182/30,2.481
MOVEL=27.854,0,13.881,180,1.619,135.181/30,2.436
MOVEL=27.813,1.565,13.881,-179.909,1.616,135.179/30,2.544
MOVEL=27.686,3.127,13.881,-179.818,1.609,135.178/30,2.515
MOVEL=27.475,4.677,13.882,-179.725,1.596,135.177/30,2.494
MOVEL=27.098,6.563,13.882,-179.619,1.574,135.175/30,3.078
MOVEL=26.593,8.418,13.882,-179.511,1.545,135.174/30,3.133
MOVEL=25.963,10.235,13.882,-179.405,1.508,135.173/30,3.25
MOVEL=25.209,12.003,13.883,-179.303,1.464,135.172/30,3.432
MOVEL=24.641,13.147,13.883,-179.236,1.431,135.171/30,2.417
MOVEL=23.69,14.818,13.883,-179.139,1.376,135.17/30,3.908
MOVEL=22.628,16.421,13.884,-179.046,1.314,135.17/30,4.323
MOVEL=21.459,17.947,13.885,-178.957,1.247,135.169/30,4.853
MOVEL=20.466,19.092,13.885,-178.89,1.189,135.169/30,4.3
MOVEL=19.122,20.466,13.886,-178.81,1.111,135.169/30,6.238
MOVEL=17.689,21.748,13.886,-178.736,1.028,135.169/30,7.425
MOVEL=16.173,22.931,13.887,-178.667,0.94,135.17/30,9.142
MOVEL=14.58,24.009,13.888,-178.605,0.847,135.17/30,11.795
MOVEL=12.919,24.977,13.889,-178.548,0.751,135.171/30,16.14
MOVEL=11.197,25.832,13.89,-178.499,0.651,135.172/30,24.402
MOVEL=9.422,26.569,13.891,-178.456,0.547,135.173/30,44.542
MOVEL=7.6,27.184,13.892,-178.421,0.441,135.175/30,100
MOVEL=5.74,27.672,13.892,-178.393,0.333,135.176/30,100
MOVEL=4.2,27.976,13.893,-178.374,0.238,135.177/30,100
MOVEL=2.293,28.229,13.894,-178.361,0.133,135.179/30,100
MOVEL=0.374,28.35,13.895,-178.353,0.022,135.18/30,100
MOVEL=-1.549,28.34,13.896,-178.354,-0.09,135.182/30,100
MOVEL=-3.466,28.199,13.897,-178.362,-0.201,135.184/30,100
MOVEL=-4.868,28.012,13.898,-178.372,-0.283,135.185/30,100
MOVEL=-6.756,27.648,13.899,-178.393,-0.393,135.186/30,100
MOVEL=-8.616,27.159,13.9,-178.422,-0.501,135.188/30,100
MOVEL=-10.438,26.547,13.901,-178.457,-0.607,135.189/30,100
MOVEL=-12.215,25.812,13.901,-178.5,-0.71,135.19/30,43.753
MOVEL=-13.735,25.066,13.902,-178.545,-0.801,135.191/30,21.665
MOVEL=-15.403,24.109,13.903,-178.599,-0.895,135.192/30,16.455
MOVEL=-17.002,23.041,13.904,-178.661,-0.988,135.192/30,11.983
MOVEL=-18.524,21.867,13.904,-178.729,-1.077,135.193/30,9.4
MOVEL=-19.349,21.158,13.905,-178.77,-1.125,135.193/30,4.563
MOVEL=-20.737,19.828,13.905,-178.847,-1.206,135.193/30,7.077
MOVEL=-22.033,18.407,13.906,-178.929,-1.281,135.193/30,6.126
MOVEL=-23.23,16.902,13.906,-179.017,-1.351,135.192/30,5.426
MOVEL=-24.322,15.32,13.907,-179.109,-1.414,135.192/30,4.912
MOVEL=-25.304,13.667,13.907,-179.205,-1.472,135.191/30,4.529
MOVEL=-26.174,11.953,13.908,-179.305,-1.522,135.19/30,4.231
MOVEL=-26.685,10.788,13.908,-179.372,-1.552,135.189/30,2.668
MOVEL=-27.359,8.988,13.908,-179.477,-1.591,135.188/30,3.89
MOVEL=-27.687,7.946,13.909,-179.534,-1.609,135.187/30,2.156
MOVEL=-28.078,6.468,13.909,-179.624,-1.633,135.186/30,2.969
MOVEL=-28.389,4.97,13.909,-179.711,-1.651,135.185/30,2.925
MOVEL=-28.619,3.457,13.909,-179.799,-1.664,135.184/30,2.89
MOVEL=-28.769,1.905,13.909,-179.889,-1.672,135.182/30,2.909
MOVEL=-28.834,0.346,13.91,-179.98,-1.676,135.181/30,2.881
MOVEL=-28.814,-1.211,13.91,179.92,-1.674,135.18/30,2.853
MOVEL=-28.673,-3.13,13.91,179.818,-1.666,135.178/30,3.521
MOVEL=-28.522,-4.319,13.91,179.749,-1.658,135.177/30,2.203
MOVEL=-28.18,-6.211,13.91,179.639,-1.637,135.176/30,3.591
MOVEL=-27.903,-7.386,13.91,179.571,-1.621,135.175/30,2.312
MOVEL=-27.363,-9.231,13.91,179.464,-1.59,135.173/30,3.832
MOVEL=-26.965,-10.362,13.911,179.4,-1.567,135.173/30,2.515
MOVEL=-26.404,-11.75,13.911,179.317,-1.533,135.172/30,3.32
MOVEL=-25.77,-13.108,13.911,179.238,-1.497,135.171/30,3.56
MOVEL=-25.068,-14.431,13.912,179.162,-1.456,135.17/30,3.827
MOVEL=-24.312,-15.693,13.912,179.088,-1.412,135.169/30,4.055
MOVEL=-23.492,-16.917,13.912,179.017,-1.364,135.169/30,4.39
MOVEL=-22.612,-18.096,13.913,178.945,-1.311,135.169/30,4.752
MOVEL=-21.374,-19.568,13.913,178.863,-1.242,135.168/30,6.882
MOVEL=-20.042,-20.955,13.914,178.782,-1.165,135.168/30,7.836
MOVEL=-18.623,-22.253,13.915,178.707,-1.082,135.169/30,9.124
MOVEL=-17.124,-23.456,13.916,178.637,-0.995,135.169/30,11.035
MOVEL=-15.548,-24.559,13.916,178.573,-0.904,135.169/30,14.155
MOVEL=-13.905,-25.556,13.917,178.515,-0.808,135.17/30,19.824
MOVEL=-12.2,-26.445,13.918,178.463,-0.709,135.171/30,32.726
MOVEL=-11.24,-26.887,13.919,178.437,-0.653,135.172/30,34.58
MOVEL=-9.455,-27.601,13.919,178.396,-0.549,135.173/30,100
MOVEL=-7.627,-28.198,13.92,178.362,-0.443,135.174/30,100
MOVEL=-5.764,-28.672,13.921,178.334,-0.335,135.176/30,100
MOVEL=-4.287,-28.958,13.922,178.317,-0.245,135.177/30,100
MOVEL=-2.38,-29.211,13.923,178.303,-0.138,135.179/30,100
MOVEL=-0.462,-29.337,13.924,178.296,-0.027,135.18/30,100
MOVEL=1.461,-29.336,13.925,178.296,0.085,135.182/30,100
MOVEL=3.379,-29.207,13.926,178.303,0.196,135.184/30,100
MOVEL=4.656,-29.049,13.927,178.313,0.27,135.185/30,100
MOVEL=6.549,-28.709,13.927,178.332,0.38,135.186/30,100
MOVEL=8.415,-28.247,13.928,178.358,0.489,135.188/30,100
MOVEL=10.248,-27.664,13.929,178.392,0.595,135.189/30,100
MOVEL=12.039,-26.966,13.93,178.433,0.7,135.19/30,37.047
MOVEL=13.569,-26.259,13.931,178.475,0.791,135.191/30,18.425
MOVEL=15.262,-25.345,13.932,178.527,0.887,135.192/30,14.272
MOVEL=16.891,-24.323,13.933,178.586,0.981,135.193/30,10.514
MOVEL=18.449,-23.197,13.933,178.652,1.072,135.193/30,8.295
MOVEL=19.411,-22.42,13.934,178.697,1.128,135.194/30,4.538
MOVEL=20.839,-21.132,13.935,178.772,1.211,135.194/30,6.149
MOVEL=22.179,-19.753,13.935,178.852,1.289,135.194/30,5.344
MOVEL=23.426,-18.29,13.936,178.937,1.361,135.193/30,4.757
MOVEL=24.117,-17.389,13.936,178.99,1.402,135.193/30,2.592
MOVEL=25.205,-15.803,13.937,179.081,1.465,135.192/30,4.084
MOVEL=25.801,-14.829,13.937,179.138,1.5,135.192/30,2.275
MOVEL=26.718,-13.139,13.938,179.236,1.553,135.191/30,3.622
MOVEL=27.214,-12.1,13.938,179.297,1.582,135.19/30,2.064
MOVEL=27.95,-10.324,13.938,179.4,1.624,135.189/30,3.313
MOVEL=28.333,-9.246,13.938,179.457,1.645,135.189/30,1.906
MOVEL=28.783,-7.761,13.939,179.549,1.673,135.187/30,2.524
MOVEL=29.154,-6.252,13.939,179.637,1.694,135.186/30,2.466
MOVEL=29.445,-4.726,13.939,179.725,1.711,135.185/30,2.411
MOVEL=29.657,-3.159,13.939,179.816,1.723,135.183/30,2.405
MOVEL=29.784,-1.581,13.939,179.908,1.731,135.182/30,2.364
MOVEL=29.826,0,13.939,180,1.734,135.181/30,2.323
MOVEL=29.765,1.922,13.939,-179.888,1.73,135.179/30,2.781
MOVEL=29.581,3.836,13.939,-179.777,1.719,135.177/30,2.75
MOVEL=29.306,5.586,13.939,-179.675,1.703,135.176/30,2.527
MOVEL=28.893,7.464,13.94,-179.566,1.679,135.174/30,2.768
MOVEL=28.361,9.311,13.94,-179.459,1.648,135.173/30,2.833
MOVEL=27.769,10.975,13.94,-179.362,1.614,135.172/30,2.701
MOVEL=27.016,12.745,13.941,-179.259,1.57,135.171/30,3.096
MOVEL=26.153,14.463,13.941,-179.159,1.52,135.17/30,3.312
MOVEL=25.263,15.998,13.941,-179.072,1.47,135.169/30,3.308
MOVEL=24.509,17.155,13.942,-179.003,1.424,135.168/30,2.783
MOVEL=23.704,18.278,13.942,-178.938,1.377,135.168/30,3.003
MOVEL=22.85,19.362,13.943,-178.871,1.324,135.168/30,3.256
MOVEL=21.579,20.806,13.943,-178.791,1.253,135.167/30,5.051
MOVEL=20.219,22.165,13.944,-178.712,1.174,135.168/30,5.824
MOVEL=18.775,23.434,13.945,-178.639,1.09,135.168/30,6.903
MOVEL=17.252,24.608,13.945,-178.571,1.002,135.168/30,8.455
MOVEL=15.656,25.681,13.946,-178.508,0.909,135.169/30,10.829
MOVEL=13.996,26.651,13.947,-178.452,0.813,135.17/30,14.836
MOVEL=12.277,27.512,13.948,-178.402,0.713,135.171/30,22.504
MOVEL=10.506,28.262,13.949,-178.358,0.61,135.172/30,41.91
MOVEL=8.967,28.811,13.95,-178.326,0.521,135.173/30,100
MOVEL=7.121,29.35,13.95,-178.294,0.414,135.175/30,100
MOVEL=5.245,29.772,13.951,-178.27,0.305,135.176/30,100
MOVEL=3.985,29.986,13.952,-178.257,0.232,135.177/30,100
MOVEL=2.076,30.21,13.953,-178.244,0.121,135.179/30,100
MOVEL=0.156,30.314,13.954,-178.238,0.009,135.181/30,100
MOVEL=-1.116,30.317,13.955,-178.238,-0.065,135.182/30,100
MOVEL=-3.036,30.219,13.956,-178.244,-0.176,135.183/30,100
MOVEL=-4.946,30.001,13.956,-178.257,-0.287,135.185/30,100
MOVEL=-6.235,29.783,13.957,-178.27,-0.362,135.186/30,100
MOVEL=-8.112,29.364,13.958,-178.294,-0.47,135.188/30,100
MOVEL=-9.957,28.824,13.959,-178.326,-0.578,135.189/30,100
MOVEL=-11.221,28.379,13.96,-178.352,-0.652,135.19/30,100
MOVEL=-12.432,27.891,13.96,-178.38,-0.722,135.191/30,100
MOVEL=-13.641,27.341,13.961,-178.412,-0.792,135.192/30,100
MOVEL=-14.824,26.737,13.961,-178.447,-0.861,135.192/30,66.065
MOVEL=-15.977,26.083,13.962,-178.488,-0.933,135.193/30,29.204
MOVEL=-17.597,25.045,13.963,-178.545,-1.022,135.194/30,24.583
MOVEL=-19.147,23.907,13.964,-178.611,-1.112,135.194/30,16.367
MOVEL=-20.434,22.841,13.964,-178.673,-1.187,135.194/30,10.875
MOVEL=-21.841,21.53,13.965,-178.749,-1.269,135.195/30,10.151
MOVEL=-23.162,20.134,13.966,-178.83,-1.346,135.194/30,8.434
MOVEL=-24.251,18.835,13.966,-178.905,-1.409,135.194/30,6.441
MOVEL=-25.089,17.724,13.966,-178.97,-1.458,135.194/30,4.772
MOVEL=-25.866,16.591,13.967,-179.035,-1.503,135.193/30,4.359
MOVEL=-26.59,15.422,13.967,-179.103,-1.546,135.193/30,4.07
MOVEL=-27.259,14.224,13.967,-179.181,-1.589,135.192/30,3.812
MOVEL=-28.105,12.495,13.968,-179.273,-1.634,135.191/30,5.012
MOVEL=-28.838,10.717,13.968,-179.377,-1.677,135.19/30,4.701
MOVEL=-29.365,9.197,13.968,-179.465,-1.708,135.189/30,3.767
MOVEL=-29.889,7.347,13.968,-179.573,-1.738,135.187/30,4.375
MOVEL=-30.295,5.468,13.969,-179.682,-1.762,135.186/30,4.274
MOVEL=-30.544,3.874,13.969,-179.775,-1.776,135.184/30,3.526
MOVEL=-30.732,1.961,13.969,-179.886,-1.787,135.183/30,4.139
MOVEL=-30.8,0.04,13.969,-179.998,-1.791,135.181/30,4.084
MOVEL=-30.765,-1.589,13.969,179.913,-1.789,135.179/30,3.435
MOVEL=-30.667,-2.969,13.969,179.827,-1.782,135.178/30,2.914
MOVEL=-30.507,-4.346,13.97,179.747,-1.773,135.177/30,2.933
MOVEL=-30.286,-5.712,13.97,179.662,-1.759,135.176/30,2.958
MOVEL=-29.877,-7.592,13.97,179.559,-1.736,135.174/30,4.218
MOVEL=-29.355,-9.442,13.97,179.451,-1.706,135.173/30,4.414
MOVEL=-28.721,-11.258,13.97,179.346,-1.669,135.171/30,4.726
MOVEL=-27.978,-13.031,13.971,179.243,-1.626,135.17/30,5.15
MOVEL=-27.129,-14.756,13.971,179.143,-1.576,135.169/30,5.687
MOVEL=-26.175,-16.425,13.972,179.046,-1.52,135.168/30,6.339
MOVEL=-25.119,-18.032,13.972,178.952,-1.459,135.167/30,7.128
MOVEL=-24.163,-19.321,13.973,178.878,-1.403,135.167/30,6.659
MOVEL=-23.325,-20.344,13.973,178.817,-1.354,135.167/30,6.071
MOVEL=-22.031,-21.767,13.974,178.735,-1.28,135.167/30,10.075
MOVEL=-20.651,-23.106,13.974,178.658,-1.2,135.167/30,12.153
MOVEL=-19.192,-24.358,13.975,178.586,-1.115,135.167/30,15.335
MOVEL=-17.641,-25.496,13.975,178.431,-1.093,135.166/30,21.039
MOVEL=-16.044,-26.564,13.976,178.39,-0.98,135.167/30,34.219
MOVEL=-14.384,-27.531,13.977,178.348,-0.869,135.168/30,92.713
MOVEL=-12.659,-28.385,13.978,178.274,-0.79,135.169/30,100
MOVEL=-10.891,-29.142,13.979,178.243,-0.686,135.17/30,100
MOVEL=-9.581,-29.635,13.98,178.26,-0.566,135.172/30,100
MOVEL=-7.737,-30.195,13.98,178.208,-0.487,135.173/30,100
MOVEL=-5.87,-30.647,13.981,178.185,-0.369,135.175/30,100
MOVEL=-4.595,-30.891,13.982,178.188,-0.285,135.176/30,100
MOVEL=-2.689,-31.148,13.983,178.17,-0.174,135.178/30,100
MOVEL=-0.775,-31.291,13.984,178.173,-0.049,135.18/30,100
MOVEL=0.543,-31.318,13.985,178.166,0.028,135.181/30,100
MOVEL=1.848,-31.29,13.985,178.168,0.111,135.182/30,100
MOVEL=3.151,-31.207,13.986,178.171,0.194,135.184/30,100
MOVEL=4.449,-31.069,13.987,178.176,0.272,135.185/30,100
MOVEL=6.346,-30.765,13.988,178.188,0.39,135.187/30,100
MOVEL=8.221,-30.344,13.989,178.21,0.506,135.189/30,100
MOVEL=10.065,-29.806,13.989,178.228,0.624,135.19/30,100
MOVEL=11.879,-29.161,13.99,178.282,0.714,135.191/30,100
MOVEL=13.642,-28.399,13.991,178.31,0.832,135.193/30,33.549
MOVEL=15.355,-27.53,13.992,178.335,0.949,135.195/30,18.205
MOVEL=17.011,-26.547,13.992,178.38,1.042,135.195/30,12.309
MOVEL=18.595,-25.459,13.992,178.439,1.143,135.196/30,9.216
MOVEL=20.109,-24.278,13.992,178.509,1.243,135.197/30,7.359
MOVEL=21.551,-23.007,13.992,178.581,1.329,135.197/30,6.151
MOVEL=22.913,-21.651,13.992,178.663,1.412,135.197/30,5.311
MOVEL=24.19,-20.216,13.992,178.753,1.488,135.197/30,4.691
MOVEL=25.38,-18.703,13.992,178.837,1.549,135.196/30,4.231
MOVEL=26.408,-17.222,13.992,178.933,1.606,135.196/30,3.628
MOVEL=27.41,-15.583,13.992,179.038,1.659,135.195/30,3.576
MOVEL=28.223,-14.064,13.992,179.135,1.7,135.194/30,3.001
MOVEL=29.031,-12.318,13.992,179.238,1.735,135.192/30,3.169
MOVEL=29.664,-10.717,13.992,179.345,1.765,135.191/30,2.709
MOVEL=30.265,-8.888,13.993,179.448,1.787,135.189/30,2.922
MOVEL=30.706,-7.225,13.993,179.561,1.806,135.188/30,2.532
MOVEL=31.092,-5.344,13.993,179.68,1.82,135.186/30,2.754
MOVEL=31.339,-3.637,13.993,179.778,1.827,135.184/30,2.418
MOVEL=31.504,-1.723,13.993,179.896,1.832,135.182/30,2.641
MOVEL=31.552,0,13.993,180,1.834,135.181/30,2.329
MOVEL=31.492,1.921,13.993,-179.887,1.832,135.179/30,2.56
MOVEL=31.314,3.835,13.993,-179.773,1.827,135.177/30,2.537
MOVEL=31.019,5.735,13.993,-179.66,1.818,135.175/30,2.535
MOVEL=30.611,7.609,13.993,-179.528,1.801,135.173/30,2.554
MOVEL=30.13,9.324,13.993,-179.42,1.781,135.172/30,2.423
MOVEL=29.504,11.143,13.992,-179.314,1.756,135.17/30,2.708
MOVEL=28.769,12.917,13.992,-179.197,1.721,135.169/30,2.838
MOVEL=27.926,14.644,13.992,-179.088,1.681,135.167/30,3.024
MOVEL=26.979,16.317,13.992,-178.985,1.634,135.166/30,3.266
MOVEL=26.011,17.813,13.992,-178.893,1.583,135.165/30,3.301
MOVEL=24.875,19.364,13.992,-178.799,1.522,135.165/30,3.929
MOVEL=23.647,20.844,13.992,-178.711,1.454,135.164/30,4.403
MOVEL=22.333,22.247,13.992,-178.627,1.378,135.164/30,5.005
MOVEL=20.937,23.568,13.992,-178.549,1.294,135.164/30,5.804
MOVEL=19.573,24.715,13.992,-178.482,1.207,135.165/30,6.372
MOVEL=18.031,25.863,13.992,-178.421,1.114,135.165/30,8.427
MOVEL=16.423,26.914,13.992,-178.363,1.01,135.166/30,10.901
MOVEL=14.755,27.865,13.992,-178.313,0.899,135.167/30,15.174
MOVEL=13.031,28.715,13.992,-178.273,0.79,135.169/30,23.995
MOVEL=11.389,29.409,13.992,-178.244,0.689,135.17/30,45.185
MOVEL=9.574,30.053,13.993,-178.221,0.593,135.172/30,100
MOVEL=7.727,30.585,13.993,-178.201,0.481,135.173/30,100
MOVEL=5.853,31.001,13.993,-178.184,0.355,135.175/30,100
MOVEL=3.956,31.3,13.993,-178.174,0.238,135.177/30,100
MOVEL=2.181,31.474,13.993,-178.169,0.136,135.179/30,100
MOVEL=0.262,31.548,13.993,-178.166,0.016,135.18/30,100
MOVEL=-1.659,31.506,13.993,-178.168,-0.103,135.182/30,100
MOVEL=-3.574,31.346,13.993,-178.172,-0.217,135.184/30,100
MOVEL=-5.475,31.07,13.993,-178.182,-0.336,135.186/30,100
MOVEL=-7.22,30.71,13.993,-178.195,-0.443,135.188/30,100
MOVEL=-9.074,30.21,13.993,-178.216,-0.564,135.19/30,100
MOVEL=-10.896,29.597,13.992,-178.24,-0.673,135.191/30,100
MOVEL=-12.678,28.874,13.992,-178.271,-0.78,135.192/30,100
MOVEL=-14.412,28.045,13.992,-178.311,-0.891,135.194/30,100
MOVEL=-15.971,27.185,13.992,-178.356,-0.994,135.195/30,100
MOVEL=-17.598,26.16,13.992,-178.408,-1.093,135.196/30,48.2
MOVEL=-19.16,25.038,13.992,-178.467,-1.186,135.197/30,24.29
MOVEL=-20.649,23.823,13.992,-178.535,-1.276,135.197/30,16.278
MOVEL=-22.061,22.519,13.992,-178.611,-1.362,135.197/30,12.281
MOVEL=-23.298,21.235,13.992,-178.687,-1.434,135.197/30,9.206
MOVEL=-24.549,19.776,13.992,-178.775,-1.505,135.197/30,8.354
MOVEL=-25.71,18.245,13.992,-178.872,-1.571,135.196/30,7.223
MOVEL=-26.777,16.645,13.992,-178.97,-1.626,135.195/30,6.414
MOVEL=-27.746,14.983,13.992,-179.069,-1.673,135.194/30,5.802
MOVEL=-28.551,13.393,13.992,-179.166,-1.711,135.193/30,4.942
MOVEL=-29.316,11.631,13.992,-179.281,-1.747,135.192/30,4.965
MOVEL=-29.971,9.826,13.992,-179.397,-1.777,135.19/30,4.698
MOVEL=-30.516,7.982,13.993,-179.507,-1.797,135.188/30,4.529
MOVEL=-30.948,6.108,13.993,-179.62,-1.813,135.187/30,4.409
MOVEL=-31.246,4.352,13.993,-179.728,-1.824,135.185/30,4.003
MOVEL=-31.456,2.444,13.993,-179.852,-1.831,135.183/30,4.242
MOVEL=-31.549,0.524,13.993,-179.968,-1.834,135.181/30,4.184
MOVEL=-31.522,-1.396,13.993,179.913,-1.833,135.179/30,4.14
MOVEL=-31.376,-3.312,13.993,179.795,-1.828,135.177/30,4.137
MOVEL=-31.136,-5.077,13.993,179.687,-1.82,135.176/30,3.864
MOVEL=-30.766,-6.963,13.993,179.573,-1.807,135.174/30,4.252
MOVEL=-30.282,-8.822,13.993,179.455,-1.788,135.172/30,4.413
MOVEL=-29.687,-10.648,13.992,179.336,-1.762,135.171/30,4.681
MOVEL=-28.981,-12.437,13.992,179.228,-1.731,135.169/30,5.072
MOVEL=-28.229,-14.056,13.992,179.139,-1.701,135.168/30,5.158
MOVEL=-27.318,-15.747,13.992,179.028,-1.655,135.167/30,6.146
MOVEL=-26.305,-17.379,13.992,178.922,-1.6,135.166/30,6.888
MOVEL=-25.195,-18.948,13.992,178.825,-1.54,135.165/30,7.806
MOVEL=-23.991,-20.448,13.992,178.735,-1.474,135.164/30,8.925
MOVEL=-22.797,-21.771,13.992,178.655,-1.405,135.164/30,9.567
MOVEL=-21.429,-23.121,13.992,178.576,-1.324,135.164/30,12.406
MOVEL=-19.981,-24.386,13.992,178.505,-1.238,135.165/30,15.702
MOVEL=-19.294,-24.935,13.992,178.446,-1.155,135.165/30,6.112
MOVEJ=11.635,30.535,109.261,-154.982,50.868,163.642/40,40
MOVEJ=11.599,24.129,105.644,-150.658,41.93,157.356/40,40
1233_1=END



